0.003988316 00111011100000101011000001101011 0.009948730391011372 1024.0228 7.773862803484022E-11
0.0039883163 00111011100000101011000001101100 0.009948730432213044 1024.0228 3.6536955752564104E-11
0.0039883167 00111011100000101011000001101101 0.009948730473414718 1024.0228 4.664718264435486E-12
0.003988317 00111011100000101011000001101110 0.00994873051461639 1024.0228 4.58663905467116E-11
0.0039883177 00111011100000101011000001101111 0.009948730555818063 1024.0228 8.706806282898771E-11
0.0041606827 00111011100010000101011001010110 0.009963989190514217 256.00476 6.729828326557108E-11
0.004160683 00111011100010000101011001010111 0.00996398923175801 256.00476 2.6054490162574773E-11
0.0041606836 00111011100010000101011001011000 0.009963989273001796 256.0048 1.518929600152763E-11
0.004160684 00111011100010000101011001011001 0.009963989314245589 256.0048 5.643308910452394E-11
0.0041606845 00111011100010000101011001011010 0.00996398935548938 256.0048 9.767688047279677E-11
0.0043328735 00111011100011011111101011000111 0.009979247978027992 512.00525 6.884700795573018E-11
0.004332874 00111011100011011111101011001000 0.009979248019313878 512.00525 2.7561121787589293E-11
0.0043328744 00111011100011011111101011001001 0.009979248060599764 512.0053 1.372476438055159E-11
0.004332875 00111011100011011111101011001010 0.009979248101885652 512.0053 5.501065228341595E-11
0.0043328754 00111011100011011111101011001011 0.009979248143171538 512.0053 9.629653845155683E-11
0.004504889 00111011100100111001110110111111 0.009994506755083456 256.00928 8.08540439461991E-11
0.0045048892 00111011100100111001110111000000 0.009994506796411418 256.00928 3.9526082060148404E-11
0.0045048897 00111011100100111001110111000001 0.00999450683773938 256.0093 1.8018798259022972E-12
0.00450489 00111011100100111001110111000010 0.009994506879067342 256.0093 4.3129841711953E-11
0.0045048906 00111011100100111001110111000011 0.009994506920395302 256.0093 8.445780186328022E-11
0.0046767294 00111011100110010011111101000000 0.010009765564749765 4096.006 6.025023535638496E-11
0.00467673 00111011100110010011111101000001 0.010009765606119778 4096.006 1.8880222038553107E-11
0.0046767304 00111011100110010011111101000010 0.010009765647489795 4096.0063 2.24897947487257E-11
0.004676731 00111011100110010011111101000011 0.010009765688859808 4096.0063 6.385980806655756E-11
0.004848395 00111011100111101101111101001001 0.010025024326196338 256.00903 8.786616226275079E-11
0.0048483955 00111011100111101101111101001010 0.010025024367608383 256.00903 4.645411659509602E-11
0.004848396 00111011100111101101111101001011 0.010025024409020433 256.00903 5.0420674579942926E-12
0.0048483964 00111011100111101101111101001100 0.01002502445043248 256.00906 3.6369979944383957E-11
0.004848397 00111011100111101101111101001101 0.010025024491844526 256.00906 7.778202561203873E-11
0.005019887 00111011101001000111110111011101 0.010040283124240811 512.0042 7.88841891113945E-11
0.0050198874 00111011101001000111110111011110 0.010040283165694868 512.0042 3.743013191059852E-11
0.005019888 00111011101001000111110111011111 0.010040283207148925 512.0043 4.023925290197461E-12
0.0050198883 00111011101001000111110111100000 0.010040283248602982 512.0043 4.547798249099344E-11
0.0050198887 00111011101001000111110111100001 0.010040283290057041 512.0043 8.69320414265129E-11
0.005191205 00111011101010100001101011111100 0.010055541919716813 256.00403 7.247068743720941E-11
0.0051912055 00111011101010100001101011111101 0.010055541961212859 256.00403 3.0974641254677415E-11
0.005191206 00111011101010100001101011111110 0.010055542002708908 256.00406 1.0521408397301535E-11
0.0051912065 00111011101010100001101011111111 0.010055542044204955 256.00406 5.201745457983353E-11
0.005191207 00111011101010100001101100000000 0.010055542085701002 256.00406 9.351350249708901E-11
0.00536235 00111011101011111011011010100111 0.010070800714996003 1024.009 6.62539970802678E-11
0.0053623505 00111011101011111011011010101000 0.010070800756534019 1024.009 2.471598099795802E-11
0.005362351 00111011101011111011011010101001 0.010070800798072035 1024.0092 1.682203508435176E-11
0.0053623514 00111011101011111011011010101010 0.01007080083961005 1024.0092 5.836004943193807E-11
0.005362352 00111011101011111011011010101011 0.010070800881148067 1024.0092 9.989806724897132E-11
0.0055333218 00111011101101010101000011011110 0.010086059471037995 256.02454 9.927450528302018E-11
0.005533322 00111011101101010101000011011111 0.010086059512617958 256.02454 5.76945418523378E-11
0.0055333227 00111011101101010101000011100000 0.01008605955419792 256.02454 1.61145801563789E-11
0.005533323 00111011101101010101000011100001 0.010086059595777882 256.02454 2.546538153958E-11
0.0055333236 00111011101101010101000011100010 0.010086059637357845 256.02454 6.704534497026238E-11
0.0057041217 00111011101110101110100110100100 0.010101318273668178 512.0055 8.570682184794176E-11
0.005704122 00111011101110101110100110100101 0.010101318315290068 512.0055 4.40849318855685E-11
0.0057041226 00111011101110101110100110100110 0.010101318356911955 512.0055 2.4630453926421936E-12
0.005704123 00111011101110101110100110100111 0.010101318398533841 512.00555 3.9158841100284114E-11
0.0057041235 00111011101110101110100110101000 0.010101318440155731 512.00555 8.078073106265737E-11
0.0058747497 00111011110000001000000011111001 0.010116577084223666 256.03033 6.421383390298185E-11
0.00587475 00111011110000001000000011111010 0.01011657712588746 256.03033 2.25500399603229E-11
0.0058747507 00111011110000001000000011111011 0.010116577167551254 256.03033 1.9113753982336057E-11
0.005874751 00111011110000001000000011111100 0.010116577209215048 256.03033 6.077754792499501E-11
0.006045206 00111011110001100001011011011101 0.010131835864041549 2048.029 7.345845112749494E-11
0.0060452064 00111011110001100001011011011110 0.010131835905747224 2048.029 3.1752775755955476E-11
0.006045207 00111011110001100001011011011111 0.010131835947452901 2048.029 9.952901350307464E-12
0.0060452074 00111011110001100001011011100000 0.010131835989158575 2048.029 5.165857498712345E-11
0.006045208 00111011110001100001011011100001 0.010131836030864254 2048.029 9.336425382810987E-11
0.0062154913 00111011110010111010101101010010 0.010147094657954077 256.00104 6.860842276246171E-11
0.006215492 00111011110010111010101101010011 0.010147094699701617 256.00104 2.6860883309276495E-11
0.0062154923 00111011110010111010101101010100 0.010147094741449156 256.00107 1.4886656143908716E-11
0.0062154927 00111011110010111010101101010101 0.010147094783196696 256.00107 5.663419559709393E-11
0.006215493 00111011110010111010101101010110 0.010147094824944235 256.00107 9.838173505027914E-11
0.006385606 00111011110100010011111001011000 0.010162353427549698 512.0098 8.807530225973803E-11
0.0063856062 00111011110100010011111001011001 0.01016235346933908 512.0098 4.628591954158878E-11
0.0063856067 00111011110100010011111001011010 0.010162353511128461 512.0098 4.49653855816301E-12
0.006385607 00111011110100010011111001011011 0.01016235355291784 512.0099 3.7292840690539286E-11
0.0063856076 00111011110100010011111001011100 0.010162353594707222 512.0099 7.908222167396506E-11
0.0065555503 00111011110101101100111111110001 0.010177612218079328 256.028 8.660817202299498E-11
0.0065555507 00111011110101101100111111110010 0.010177612259910528 256.028 4.477697206073383E-11
0.006555551 00111011110101101100111111110011 0.01017761230174173 256.028 2.9457703637492116E-12
0.0065555517 00111011110101101100111111110100 0.010177612343572931 256.028 3.888543133323541E-11
0.006555552 00111011110101101100111111110101 0.010177612385404131 256.028 8.071663129549655E-11
0.0067253252 00111011110111000110000000011110 0.010192871033255462 1024.0063 6.049453819823025E-11
0.0067253257 00111011110111000110000000011111 0.010192871075128463 1024.0063 1.8621536604368494E-11
0.006725326 00111011110111000110000000100000 0.010192871117001465 1024.0065 2.3251464989493265E-11
0.0067253266 00111011110111000110000000100001 0.010192871158874465 1024.0065 6.512446484863155E-11
0.0068949303 00111011111000011110111011011110 0.010208129793128212 256.00967 8.968428777400561E-11
0.0068949307 00111011111000011110111011011111 0.010208129835042993 256.00967 4.776950709994843E-11
0.006894931 00111011111000011110111011100000 0.010208129876957772 256.00967 5.8547281606147195E-12
0.0068949317 00111011111000011110111011100001 0.010208129918872553 256.0097 3.6060052513442464E-11
0.006894932 00111011111000011110111011100010 0.010208129960787335 256.0097 7.797483492222312E-11
0.0070643667 00111011111001110111110000110100 0.01022338858540685 512.0282 8.646815034818456E-11
0.007064367 00111011111001110111110000110101 0.010223388627363387 512.0282 4.4511613145337137E-11
0.0070643676 00111011111001110111110000110110 0.010223388669319926 512.0282 2.555074207766239E-12
0.007064368 00111011111001110111110000110111 0.010223388711276466 512.0282 3.9401466464528134E-11
0.0070643686 00111011111001110111110000111000 0.010223388753233004 512.0282 8.135800366737556E-11
0.0072336346 00111011111011010000100000100000 0.01023864737230694 256.02762 8.863055948882259E-11
0.007233635 00111011111011010000100000100001 0.010238647414305215 256.02762 4.663228483914317E-11
0.0072336355 00111011111011010000100000100010 0.010238647456303492 256.02762 4.634008454740268E-12
0.007233636 00111011111011010000100000100011 0.010238647498301766 256.02762 3.7364266194939155E-11
0.0072336365 00111011111011010000100000100100 0.010238647540300043 256.02762 7.936254257934205E-11
0.0074027344 00111011111100101001001010100011 0.01025390615808406 8192.03 9.191594013691073E-11
0.007402735 00111011111100101001001010100100 0.010253906200124053 8192.03 4.9875947122357545E-11
0.0074027353 00111011111100101001001010100101 0.010253906242164044 8192.03 7.835955842527831E-12
0.0074027358 00111011111100101001001010100110 0.010253906284204039 8192.03 3.4204038906748835E-11
0.007402736 00111011111100101001001010100111 0.010253906326244032 8192.03 7.624403192130202E-11
0.0075716665 00111011111110000001101110111110 0.0102691649471607 256.0 9.190180040585805E-11
0.007571667 00111011111110000001101110111111 0.010269164989242388 256.0 4.982011157783628E-11
0.0075716674 00111011111110000001101111000000 0.010269165031324077 256.0 7.738422749814511E-12
0.007571668 00111011111110000001101111000001 0.010269165073405766 256.00003 3.434326607820726E-11
0.0075716684 00111011111110000001101111000010 0.010269165115487457 256.00003 7.64249566409525E-11
0.0077404315 00111011111111011010001101110010 0.010284423744126164 512.01 8.399883566490018E-11
0.007740432 00111011111111011010001101110011 0.010284423786249526 512.01 4.1875473574815025E-11
0.0077404324 00111011111111011010001101110100 0.010284423828372892 512.0101 2.4789198471708573E-13
0.007740433 00111011111111011010001101110101 0.010284423870496256 512.0101 4.237125580952572E-11
0.0077404333 00111011111111011010001101110110 0.010284423912619621 512.0101 8.449462136905783E-11
0.00790903 00111100000000011001010011100000 0.010299682553736476 256.0295 6.345102394889057E-11
0.007909031 00111100000000011001010011100001 0.010299682638066512 256.0295 2.0879012060937008E-11
0.008077461 00111100000001000101011101010100 0.010314941338707627 1024.0261 6.754237273642882E-11
0.008077462 00111100000001000101011101010101 0.010314941423120932 1024.0261 1.687093173496912E-11
0.008245727 00111100000001110001100100010110 0.010330200146252218 256.02368 4.9060281878676726E-11
0.008245728 00111100000001110001100100010111 0.010330200230748751 256.02368 3.543625115565163E-11
0.008413827 00111100000010011101101000100110 0.010345458939336053 512.0071 4.50389465306289E-11
0.008413828 00111100000010011101101000100111 0.010345459023915772 512.00714 3.9540771698542976E-11
0.008581761 00111100000011001001101010000100 0.010360717680924982 256.00296 9.251251847919306E-11
0.008581762 00111100000011001001101010000101 0.010360717765587849 256.00296 7.849651484370668E-12
0.008581763 00111100000011001001101010000110 0.010360717850250712 256.003 7.681321204100477E-11
0.008749532 00111100000011110101101000110010 0.01037597650347694 2048.031 5.90230607444564E-11
0.0087495325 00111100000011110101101000110011 0.010375976588222908 2048.031 2.5722908178482662E-11
0.008917137 00111100000100100001100100101111 0.010391235285627524 256.00885 6.593497622886524E-11
0.008917138 00111100000100100001100100110000 0.010391235370456558 256.00888 1.8894058192997498E-11
0.009084579 00111100000101001101011101111100 0.010406494075504235 512.0099 6.512076468345729E-11
0.00908458 00111100000101001101011101111101 0.01040649416041629 512.00995 1.9791290134518746E-11
0.009251856 00111100000101111001010100011001 0.010421752836571676 256.01035 9.311582407911523E-11
0.009251857 00111100000101111001010100011010 0.010421752921566713 256.01035 8.120787028942367E-12
0.009251858 00111100000101111001010100011011 0.010421753006561753 256.01038 7.687425349067745E-11
0.009418972 00111100000110100101001000001000 0.0104370117024505 1024.0065 1.629949994419455E-11
0.009418973 00111100000110100101001000001001 0.010437011787528481 1024.0066 6.877848117425867E-11
0.0095859235 00111100000111010000111001000111 0.010452270466781226 256.00745 4.1031273864677864E-11
0.009585924 00111100000111010000111001001000 0.010452270551942111 256.00748 4.412961142341576E-11
0.009752713 00111100000111111100100111011000 0.01046752926351627 512.02966 3.3358730708310524E-11
0.009752714 00111100000111111100100111011001 0.010467529348760014 512.02966 5.188501364661313E-11
0.009919341 00111100001000101000010010111011 0.010482788056617868 256.00015 2.9319631791868694E-11
0.009919342 00111100001000101000010010111100 0.010482788141944437 256.00018 5.6006936935415474E-11
0.010085806 00111100001001010011111011110000 0.010498046810048275 4096.023 6.495172455434073E-11
0.010085807 00111100001001010011111011110001 0.010498046895457623 4096.023 2.0457623442493578E-11
0.010252111 00111100001001111111100001111000 0.010513305573261944 256.0095 9.080055630994455E-11
0.010252112 00111100001001111111100001111001 0.010513305658754033 256.0095 5.308467207476575E-12
0.0102521125 00111100001001111111100001111010 0.010513305744246122 256.00952 8.01836218949914E-11
0.010418255 00111100001010101011000101010100 0.010528564396044339 512.02515 5.708066137810608E-11
0.010418256 00111100001010101011000101010101 0.010528564481619127 512.02515 2.8494127196632135E-11
0.010584238 00111100001011010110100110000011 0.010543823157196744 256.02512 8.499075575263415E-11
0.010584239 00111100001011010110100110000100 0.010543823242854196 256.02512 6.666958651813104E-13
0.01058424 00111100001011010110100110000101 0.010543823328511646 256.02512 8.63241457482733E-11
0.010750062 00111100001100000010000100000111 0.010559081992410112 1024.0092 3.8839887903097114E-11
0.010750063 00111100001100000010000100001000 0.010559082078150183 1024.0093 4.6900183389708694E-11
0.0109157255 00111100001100101101011111011111 0.010574340780568344 256.02594 3.9744155883036925E-11
0.010915726 00111100001100101101011111100000 0.010574340866390997 256.02594 4.607849692084276E-11
0.01108123 00111100001101011000111000001100 0.010589599572035471 512.0283 3.7339529038171726E-11
0.011081231 00111100001101011000111000001101 0.010589599657940664 512.0283 4.856566364341841E-11
0.011246575 00111100001110000100001110001110 0.010604858331518056 256.0225 6.691944394454641E-11
0.011246576 00111100001110000100001110001111 0.010604858417505754 256.0225 1.906825392028466E-11
0.011411762 00111100001110101111100001100110 0.010620117109792918 2048.026 7.770708208842958E-11
0.011411763 00111100001110101111100001100111 0.010620117195863074 2048.026 8.363074122108571E-12
0.011411764 00111100001110101111100001101000 0.010620117281933234 2048.026 9.443323380209367E-11
0.011576791 00111100001111011010110010010101 0.010635375957966738 256.00412 1.859576208296243E-11
0.011576792 00111100001111011010110010010110 0.01063537604411932 256.00415 6.755681951353676E-11
0.0117416615 00111100010000000110000000011001 0.01065063466877089 512.00793 9.685410980175835E-11
0.011741662 00111100010000000110000000011010 0.010650634755005856 512.00793 1.0619144452661544E-11
0.011741663 00111100010000000110000000011011 0.010650634841240823 512.008 7.561582263115874E-11
0.011906375 00111100010000110001001011110101 0.01066589346586445 256.0241 8.88230496098874E-11
0.011906376 00111100010000110001001011110110 0.01066589355218176 256.0241 2.5057404068329348E-12
0.011906377 00111100010000110001001011110111 0.01066589363849907 256.0241 8.381157053094501E-11
0.012070932 00111100010001011100010100101001 0.010681152314695772 1024.0234 2.9054227773661623E-11
0.012070933 00111100010001011100010100101010 0.010681152401095387 1024.0234 5.7345387119434044E-11
0.012235332 00111100010010000111011010110100 0.010696411094231192 256.0293 3.8581308287044536E-11
0.012235333 00111100010010000111011010110101 0.010696411180713074 256.0293 4.7900574132175855E-11
0.012399576 00111100010010110010011110010111 0.01071166985623631 512.0071 6.563869066333883E-11
0.012399577 00111100010010110010011110011000 0.010711669942800418 512.00714 2.0925417648642863E-11
0.012563664 00111100010011011101011111010011 0.01072692865280575 256.03033 5.813174941415866E-11
0.0125636645 00111100010011011101011111010100 0.010726928739452045 256.03033 2.8514544891944382E-11
0.012727596 00111100010100001000011101101000 0.01074218744963444 16384.027 5.0365560680387667E-11
0.012727597 00111100010100001000011101101001 0.010742187536362883 16384.027 3.6362883190643736E-11
0.012891373 00111100010100110011011001010110 0.010757446212417294 256.02722 7.66452058070799E-11
0.012891374 00111100010100110011011001010111 0.010757446299227848 256.02722 1.0165347730239915E-11
0.0128913745 00111100010100110011011001011000 0.0107574463860384 256.02722 9.697589953283625E-11
0.013054995 00111100010101011110010010011110 0.010772704993741954 512.0267 8.438304568980648E-11
0.013054996 00111100010101011110010010011111 0.010772705080634578 512.0267 2.5095776151617954E-12
0.013054997 00111100010101011110010010100000 0.010772705167527203 512.0267 8.940220265485355E-11
0.013218463 00111100010110001001001001000001 0.010787963846524364 256.00916 2.066313613269255E-11
0.013218464 00111100010110001001001001000010 0.01078796393349902 256.0092 6.631152051073119E-11
0.013381776 00111100010110110011111100111101 0.010803222562838537 1024.005 9.34114625927851E-11
0.013381777 00111100010110110011111100111110 0.010803222649895187 1024.005 6.3548125095458374E-12
0.013381778 00111100010110110011111100111111 0.010803222736951836 1024.0051 8.070183583896995E-11
0.013544937 00111100010111011110101110010101 0.010818481369795773 256.03018 7.551672655259356E-11
0.013544938 00111100010111011110101110010110 0.010818481456934379 256.03018 1.162187880654475E-11
0.0135449385 00111100010111011110101110010111 0.010818481544072986 256.03018 9.876048590040654E-11
0.013707943 00111100011000001001011101001000 0.01083374014660874 512.02423 8.776625953776929E-11
0.013707944 00111100011000001001011101001001 0.010833740233829258 512.02423 5.457422708188275E-13
0.013707945 00111100011000001001011101001010 0.01083374032104978 512.02423 8.667478020030206E-11
0.013870797 00111100011000110100001001010111 0.010848998946767227 256.0038 7.667027256130776E-11
0.013870798 00111100011000110100001001011000 0.010848999034069629 256.00385 1.063212885787923E-11
0.013870799 00111100011000110100001001011001 0.010848999121372027 256.00385 9.793452680761927E-11
0.014033498 00111100011001011110110011000010 0.010864257736704328 2048.0103 7.579567182225411E-11
0.014033499 00111100011001011110110011000011 0.010864257824088569 2048.0105 1.1588568646359043E-11
0.0140335 00111100011001011110110011000100 0.010864257911472809 2048.0105 9.897280911497219E-11
0.014196048 00111100011010001001011010001010 0.010879516570319197 256.0059 3.124330308357237E-11
0.0141960485 00111100011010001001011010001011 0.01087951665778524 256.00592 5.622274000527394E-11
0.014358444 00111100011010110011111110101110 0.010894775326742549 512.03265 6.388245141208948E-11
0.014358445 00111100011010110011111110101111 0.010894775414290351 512.03265 2.3665350928903095E-11
0.01452069 00111100011011011110100000110000 0.010910034147666751 256.00394 3.202074889963047E-11
0.014520691 00111100011011011110100000110001 0.01091003423529628 256.00397 5.5608779733762326E-11
0.014682784 00111100011100001001000000001111 0.010925292912304322 1024.0277 5.64456779927891E-11
0.014682785 00111100011100001001000000010000 0.010925293000015537 1024.0277 3.1265537034363966E-11
0.014844727 00111100011100110011011101001100 0.01094055167512682 256.0308 8.268567948388483E-11
0.014844728 00111100011100110011011101001101 0.010940551762919686 256.0308 5.10718550783551E-12
0.014844729 00111100011100110011011101001110 0.01094055185071255 256.0308 9.290005049955585E-11
0.01500652 00111100011101011101110111101000 0.010955810490932485 512.03076 5.5942514509688124E-11
0.015006521 00111100011101011101110111101001 0.010955810578806959 512.03076 3.193195881323607E-11
0.015168162 00111100011110001000001111100010 0.01097106923893384 256.0099 9.700366031262231E-11
0.015168163 00111100011110001000001111100011 0.010971069326889888 256.0099 9.047611618240303E-12
0.015168164 00111100011110001000001111100100 0.010971069414845935 256.00992 7.890843534141823E-11
0.015329655 00111100011110110010100100111100 0.010986328062129966 4096.0327 6.287003383176337E-11
0.015329656 00111100011110110010100100111101 0.010986328150167549 4096.0327 2.516754860071302E-11
0.0154909985 00111100011111011100110111110101 0.011001586839814942 256.02893 7.424755775475855E-11
0.015490999 00111100011111011100110111110110 0.011001586927934024 256.02893 1.3871523721342705E-11
0.015652193 00111100100000000011100100000111 0.011016845627357979 512.0079 7.576702112932487E-11
0.015813239 00111100100000011000101011000100 0.011032104480454176 256.03308 1.1733324381535404E-11
0.015974136 00111100100000101101110000110001 0.011047363278397532 1024.0243 2.852468261593799E-12
0.016134884 00111100100001000010110101001110 0.011062621988601275 256.00012 8.1711224592107E-11
0.016134886 00111100100001000010110101001111 0.011062622165490664 256.00015 9.517816396131806E-11
0.016295487 00111100100001010111111000011101 0.011077880932582867 512.0086 7.320786685194314E-11
0.01645594 00111100100001101100111010011100 0.011093139724302217 256.02966 7.586471728604494E-11
0.016616248 00111100100010000001111011001100 0.011108398508550039 2048.0332 7.105003911600516E-11
0.016776407 00111100100010010110111010101101 0.011123657253227675 256.011 2.6665175276163744E-11
0.01693642 00111100100010101011111000111111 0.011138915926236566 512.00024 8.938843415462472E-11
0.016936421 00111100100010101011111001000000 0.011138916103938306 512.0003 8.831330632064205E-11
0.017096289 00111100100011000000110110000100 0.011154174851206308 256.03293 4.6518807902962145E-11
0.01725601 00111100100011010101110001111010 0.011169433640959498 1024.0026 4.7209498463263166E-11
0.017415587 00111100100011101010101100100010 0.011184692441586168 256.00644 5.87736682239326E-11
0.017575018 00111100100011111111100101111100 0.011199951221474583 512.0058 4.959958312122925E-11
0.017734304 00111100100100010100011110001000 0.011215209949013063 256.00958 1.1924437132160293E-11
0.017893447 00111100100100101001010101000111 0.011230468771264174 8192.01 2.1264174449031614E-11
0.018052444 00111100100100111110001010111000 0.011245727478266063 256.00897 6.079643732892492E-11
0.0182113 00111100100101010010111111011101 0.01126098639640276 512.0033 6.827776018181186E-11
0.01837001 00111100100101100111110010110100 0.011276245136714661 256.0046 1.9527161138066518E-11
0.018528577 00111100100101111100100100111110 0.01129150384691175 1024.0265 5.933824959170053E-11
0.018687002 00111100100110010001010101111100 0.011306762675350565 256.03033 1.9961934882850585E-11
0.018845284 00111100100110100110000101101101 0.011322021411745846 512.0271 7.26291544267399E-11
0.019003425 00111100100110111010110100010010 0.011337280204777098 256.0071 6.866040201669588E-11
0.019161424 00111100100111001111100001101011 0.01135253902380279 2048.0093 3.8697210366644974E-11
0.019319281 00111100100111100100001101111000 0.011367797838181324 256.02554 1.3381176375282244E-11
0.019476997 00111100100111111000111000111001 0.01138305661727111 512.03265 2.335389000240884E-11
0.01963457 00111100101000001101100010101110 0.01139831533043065 256.02896 9.925684926748168E-11
0.019634573 00111100101000001101100010101111 0.011398315510880634 256.02896 8.119313381349524E-11
0.019792005 00111100101000100010001011011000 0.011413574127629592 1024.0259 9.11204080938921E-11
0.019792007 00111100101000100010001011011001 0.011413574308240582 1024.0259 8.949058161178414E-11
0.0199493 00111100101000110110110010110111 0.011428832978709629 256.02872 2.910287115465149E-11
0.020106455 00111100101001001011011001001011 0.011444091853512329 512.03156 5.663732850769154E-11
0.020263469 00111100101001011111111110010011 0.011459350540785618 256.0248 4.5151882233085416E-11
0.020420345 00111100101001110100100010010001 0.011474609372397472 4096.0107 2.6025275684515847E-12
0.02057708 00111100101010001001000101000100 0.011489868137256715 256.00574 2.680578502223252E-11
0.020733679 00111100101010011101100110101101 0.011505126986780653 512.0242 3.365565291735262E-11
0.020890137 00111100101010110010000111001011 0.011520385709556767 256.02905 3.2630733184935146E-11
0.021046458 00111100101011000110100110011111 0.011535644457323625 1024.0076 7.392637543790492E-11
0.021202642 00111100101011011011000100101010 0.011550903382461626 256.0027 6.214912612323431E-11
0.021358687 00111100101011101111100001101010 0.011566162091340928 512.034 1.8034072499228948E-11
0.021514596 00111100101100000011111101100001 0.011581420918559024 256.00732 2.0121524238470023E-11
0.021670368 00111100101100011000011000001110 0.011596679652382648 2048.0083 3.511735173489239E-11
0.021826003 00111100101100101100110001110010 0.011611938445833202 256.0084 3.072929757874654E-11
0.021981502 00111100101101000001001010001101 0.011627197269714815 512.00366 4.089815291985488E-12
0.022136865 00111100101101010101100001011111 0.011642456094831536 256.00598 4.014403566510172E-11
0.022292092 00111100101101101001110111101000 0.011657714891987418 1024.0021 4.8237417532570603E-11
0.022447184 00111100101101111110001100101000 0.011672973631986569 256.035 8.259313372116495E-13
0.02260214 00111100101110010010100000100000 0.011688232469130233 512.00305 4.725523271298382E-11
0.022756962 00111100101110100110110011001111 0.01170349119104519 256.02557 1.989231002141878E-11
0.02291165 00111100101110111011000100110110 0.011718749952352192 65536.03 4.7647807574491274E-11
0.023066202 00111100101111001111010101010101 0.011734008724334642 256.00085 6.472785848976592E-11
0.023220621 00111100101111100011100100101100 0.011749267478275921 512.0331 9.984907865800974E-11
0.023220623 00111100101111100011100100101101 0.011749267662411168 512.0331 8.428616832256708E-11
0.023374908 00111100101111110111110010111100 0.011764526369754091 256.00787 2.566591036923249E-12
0.02352906 00111100110000001100000000000100 0.011779785186076672 1024.005 2.982667238193848E-11
0.023683079 00111100110000100000001100000100 0.01179504389852716 256.0114 4.67853394914286E-11
0.023836965 00111100110000110100010110111101 0.011810302663161666 512.02386 7.121333384096928E-11
0.023990719 00111100110001001000100000101111 0.011825561451741549 256.01157 7.169595125922079E-11
0.02414434 00111100110001011100101001011010 0.011840820236028117 2048.0 7.647188264570115E-11
0.024297832 00111100110001110000110000111111 0.011856079173032217 256.00833 7.146971729710128E-11
0.024451189 00111100110010000100110111011100 0.011871337864175081 512.03455 2.644991864420021E-11
0.024604416 00111100110010011000111100110011 0.011886596651876071 256.00162 2.781142850738494E-11
0.024757512 00111100110010101101000001000100 0.011901855508373227 1024.0356 3.9623226574803105E-11
0.024910476 00111100110011000001000100001110 0.011917114220019669 256.02728 3.77928313644027E-11
0.025063312 00111100110011010101000110010011 0.011932373130664094 512.0062 8.378909371886678E-11
0.025216015 00111100110011101001000111010001 0.01194763184061623 256.00192 4.67872962595095E-12
0.02536859 00111100110011111101000111001010 0.011962890694359333 4096.0103 6.935933251350779E-11
0.025521034 00111100110100010001000101111101 0.011978149478087891 256.009 6.402539089178649E-11
0.025673348 00111100110100100101000011101010 0.01199340816403995 512.01056 3.908504943306301E-11
0.025825534 00111100110100111001000000010010 0.012008666911289354 256.02478 8.089814582112886E-11
0.025977591 00111100110101001100111011110101 0.012023925692549335 1024.0297 8.870066486865724E-11
0.025977593 00111100110101001100111011110110 0.012023925879543157 1024.0297 9.829315660014881E-11
0.02612952 00111100110101100000110110010011 0.012039184480533054 256.0253 8.977944603028032E-11
0.026129521 00111100110101100000110110010100 0.01203918466768504 256.0253 9.73725405861714E-11
0.026281321 00111100110101110100101111101101 0.01205444343526374 512.02454 7.588873973674026E-11
0.026432993 00111100110110001000101000000001 0.012069702154992437 256.01047 6.554937148628426E-12
0.026584538 00111100110110011100011111010001 0.012084960987210519 2048.0022 4.971051868751797E-11
0.026735954 00111100110110110000010101011100 0.01210021971732114 256.00433 9.241359413825201E-12
0.026887244 00111100110111000100001010100011 0.0121154785059796 512.02435 9.645400797508863E-12
0.027038407 00111100110111010111111110100110 0.012130737326372943 256.03134 2.1685443371555202E-11
0.027189443 00111100110111101011110001100101 0.012145996151688146 1024.0289 5.793814560062227E-11
0.027340353 00111100110111111111100011100000 0.01216125495511218 256.0066 7.22996801316711E-11
0.027491136 00111100111000010011010100010111 0.012176513709832058 512.01025 3.7957057635873426E-11
0.027641792 00111100111000100111000100001010 0.0121917723890349 256.02722 7.190260019329653E-11
0.027792323 00111100111000111010110010111010 0.012207031154795428 8192.004 9.520457165679286E-11
0.027792325 00111100111000111010110010111011 0.012207031343682877 8192.005 9.368287742783643E-11
0.02794273 00111100111001001110100000100111 0.012222289980773246 256.03253 5.828925363215998E-11
0.028093012 00111100111001100010001101010001 0.012237548840627844 512.00684 1.2502844246031763E-11
0.028243167 00111100111001110101111000110111 0.012252807518659255 256.03467 9.852824459088971E-11
0.02824317 00111100111001110101111000111000 0.01225280770801863 256.03467 9.083113081120864E-11
0.0283932 00111100111010001001100011011011 0.012268066367088451 1024.0032 3.9161549003630114E-11
0.028543107 00111100111010011101001100111100 0.01228332517037273 256.03363 2.4939770734699884E-11
0.02869289 00111100111010110000110101011010 0.012298583902171624 512.0023 8.220337605058248E-11
0.02884255 00111100111011000100011100110110 0.012313842726132502 256.02942 4.730499846006264E-11
0.028992087 00111100111011011000000011010000 0.012329101616385991 2048.0364 5.388599115530024E-11
0.029141499 00111100111011101011101000100111 0.012344360356761128 256.0097 5.198627986424675E-12
0.029290788 00111100111011111111001100111100 0.012359619111376202 512.0343 2.9248797828174133E-11
0.029439954 00111100111100010010110000001111 0.012374877854361794 256.03622 7.53257057423129E-11
0.029589 00111100111100100110010010100001 0.012390136750620135 1024.0077 3.1870135003275735E-11
0.029737921 00111100111100111001110011110001 0.012405395583823453 256.01016 7.60109527403463E-11
0.02988672 00111100111101001101010011111111 0.012420654328102363 512.02905 3.122736270955162E-11
0.030035399 00111100111101100000110011001100 0.012435913148828876 256.03058 6.289137613468831E-11
0.030183954 00111100111101110100010001010111 0.012451171829205592 4096.037 4.579440819607594E-11
0.03033239 00111100111110000111101110100010 0.012466430726471552 256.03555 6.240905188470425E-11
0.030480703 00111100111110011011001010101011 0.012481689432275364 512.01135 2.0849636253594817E-11
0.030628897 00111100111110101110100101110100 0.012496948304481373 256.03748 6.229387318479329E-11
0.030776968 00111100111111000001111111111011 0.01251220693411314 1024.0115 9.713685932000171E-11
0.03077697 00111100111111000001111111111100 0.012512207126135742 1024.0116 9.488574162497265E-11
0.030924922 00111100111111010101011001000011 0.012527465871838686 256.03635 5.152618609560733E-11
0.031072753 00111100111111101000110001001001 0.01254272451619059 512.00653 9.318440984118492E-11
0.031072754 00111100111111101000110001001010 0.012542724708525294 512.0066 9.915029387796981E-11
0.031220466 00111100111111111100001000010000 0.012557983418773348 256.03217 2.0335847589203482E-11
0.03136806 00111101000000000111101111001011 0.012573242169830044 2048.0303 1.7669955776344892E-11
0.03151553 00111101000000010001011001101110 0.012588500936763804 256.01233 3.9798695589121635E-11
0.031662885 00111101000000011011000011110001 0.01260375969464303 512.0025 7.09819703015313E-11
0.032104235 00111101000000110111111110111011 0.012649536051488173 256.0266 8.132432748053642E-11
0.032251116 00111101000001000001100110111111 0.01266479491130653 512.03766 1.056846971048131E-11
0.032397877 00111101000001001011001110100011 0.012680053638035257 256.03564 7.290224326994554E-11
0.032544523 00111101000001010100110101101000 0.012695312594526106 16384.037 9.452610569282704E-11
0.03269105 00111101000001011110011100001101 0.012710571368686646 256.00363 7.962414581841326E-11
0.033275988 00111101000010000100110001100111 0.012771606479424413 256.00687 3.4111912947110135E-11
0.03342193 00111101000010001110010101101111 0.012786865138774304 512.03723 9.560069576253216E-11
0.03414991 00111101000010111110000011000111 0.012863159245301676 256.02832 6.561417555117632E-11
0.03429516 00111101000011000111100100010101 0.01287841790439763 1024.0016 6.435237065449684E-11
0.034875017 00111101000011101101100100011011 0.012939453030821285 4096.0356 9.417871517369836E-11
0.035019696 00111101000011110111000011010000 0.012954711816794749 256.03693 9.726775114515807E-11
0.035164263 00111101000100000000100001100111 0.012969970793271798 512.0285 9.014679801244707E-11
0.035308715 00111101000100001001111111011111 0.012985229543514845 256.0038 5.1327345151896964E-11
0.03559728 00111101000100011100111001110100 0.013015747057867327 256.0067 1.2445173364072915E-11
0.035741393 00111101000100100110010110010001 0.013031005775213565 512.0012 8.416143476575044E-11
0.035885394 00111101000100101111110010010000 0.013046264566463425 256.00684 8.197407509735744E-11
0.036029283 00111101000100111001001101110001 0.013061523408543335 2048.0076 2.895666519064921E-11
0.03617306 00111101000101000010101000110100 0.013076782278379637 256.00418 5.181713738644511E-11
0.036890272 00111101000101110001101001000001 0.013153076236327782 512.0098 6.44527816534568E-11
0.037889723 00111101000110110011001001000001 0.013259887672207432 256.00864 2.310506820590863E-11
0.038032062 00111101000110111100011110000010 0.013275146405197153 512.0091 7.91778465708548E-11
0.038174294 00111101000111000101110010100110 0.013290405245180928 256.01306 2.8256572429108395E-11
0.03845843 00111101000111011000011010010110 0.01332092275709567 256.02814 9.446683019165292E-11
0.038742132 00111101000111101011000000010010 0.013351440429918298 256.02722 2.307980195848103E-13
0.039025404 00111101000111111101100100011010 0.013381958086418231 256.01025 7.86057312990307E-11
0.039308242 00111101001000010000000110101110 0.013412475549364996 256.0039 3.657250370603382E-11
0.0394495 00111101001000011001010111001101 0.013427734354150643 4096.0093 2.0849356963115184E-11
0.0397317 00111101001000101011110110110101 0.013458252001103609 512.03265 4.7978608933019196E-11
0.03987264 00111101001000110101000101111110 0.013473510799573709 256.0102 5.738620863227073E-11
0.040154196 00111101001001000111100010111010 0.013504028237258344 256.03638 8.305415556686402E-11
0.040435333 00111101001001011001111110000101 0.013534545991429139 256.00595 9.2991638694917E-11
0.040716045 00111101001001101100010111011110 0.0135650634850438 256.01346 8.481300731166819E-12
0.040856242 00111101001001110101100011100000 0.0135803221813028 512.0325 8.432220026388659E-11
0.041136324 00111101001010000111111010010000 0.013610839771213563 1024.0115 7.253643692639589E-11
0.04127621 00111101001010010001000100111110 0.013626098622384866 256.0344 1.0427634450360657E-11
0.04141599 00111101001010011010001111010000 0.01364135748271303 512.0011 6.083803079370842E-11
0.041974068 00111101001010111110110100000000 0.013702392590788006 512.031 1.2663006060398274E-11
0.042530492 00111101001011100011010001110100 0.013763427783115238 512.0133 4.874023754042334E-11
0.04266934 00111101001011101100011000001100 0.013778686590342907 256.03555 6.69054065621788E-11
0.043085273 00111101001100000111101000101111 0.013824462946218282 512.03046 5.559328171422795E-11
0.043223713 00111101001100010000101101011001 0.013839721640287773 256.03485 3.939972653688173E-11
0.04336205 00111101001100011001110001101000 0.01385498045962919 1024.0077 9.12081001003262E-12
0.043638423 00111101001100101011111000110100 0.013885497981139907 512.0416 6.573509271634581E-11
0.044052225 00111101001101000111000000011011 0.013931274486074351 256.02896 7.201185134309007E-11
0.044189956 00111101001101010000000010000111 0.013946533216284312 512.033 1.3159312181598715E-11
0.044327587 00111101001101011001000011011000 0.013961791928830762 256.03134 6.335673825852428E-11
0.04460255 00111101001101101011000100101010 0.013992309633364378 256.03128 6.305187795485612E-11
0.04515128 00111101001110001111000010001100 0.014053344769354615 256.0098 4.279211533730898E-11
0.045425046 00111101001110100000111110011101 0.014083862293455335 256.00235 1.123216450404918E-11
0.045561783 00111101001110101001111011111110 0.014099121182352261 1024.0051 8.860226094475898E-11
0.04569842 00111101001110110010111001000100 0.014114379852059255 256.03485 3.07532454363324E-11
0.04583496 00111101001110111011110101110000 0.014129638698711018 512.02985 2.6836017782971844E-11
0.046380132 00111101001111011111100100011000 0.014190673795452191 512.0137 3.267280890284496E-11
0.046652135 00111101001111110001011001001111 0.014221191478382347 1024.0396 7.21323469704549E-11
0.04678799 00111101001111111010010011000011 0.01423645018030763 256.01407 1.5004870609902632E-11
0.046923745 00111101010000000011001100011101 0.014251708902517684 512.0354 8.185731606435986E-11
0.04733044 00111101010000011101110110010000 0.014297485416286084 256.03937 6.472358413112111E-11
0.047601085 00111101010000101111100101011011 0.014328002978400067 256.0414 4.871256696625803E-11
0.047871348 00111101010001000001010010111111 0.014358520577411304 256.04114 6.959880415047248E-11
0.048141226 00111101010001010010111110111100 0.014389038059648324 256.03854 2.6289175697469247E-11
0.048410725 00111101010001100100101001010011 0.014419555693584713 256.03363 2.9522212799393266E-11
0.04854533 00111101010001101101011101111000 0.01443481441436624 512.03174 3.875876009029611E-11
0.048679844 00111101010001110110010010000100 0.014450073327337536 256.01196 8.515003632747487E-11
0.04881426 00111101010001111111000101110110 0.014465331990922346 1024.0298 4.032765441031039E-11
0.048948582 00111101010010000111111001001111 0.014480590809023867 256.00235 1.1288633222639177E-11
0.049216945 00111101010010011001011110110101 0.014511108410690997 256.034 1.2253496828318333E-11
0.049350984 00111101010010100010010001000010 0.01452636715658351 2048.0435 3.091648985431572E-11
0.04948493 00111101010010101011000010110110 0.01454162598224116 256.00534 5.6786606666969774E-12
0.049886208 00111101010011000101010101111011 0.014587402326996053 1024.0356 1.675394718791967E-11
0.050286647 00111101010011011111100101011111 0.014633178720433838 256.00748 9.496337743941652E-12
0.05041994 00111101010011101000010100100100 0.01464843758474699 16384.043 8.474699067506641E-11
0.050553143 00111101010011110001000011010000 0.014663696380508852 256.0135 9.144635222668729E-11
0.05068625 00111101010011111001110001100011 0.014678955089180016 512.0313 1.1055016277405905E-11
0.050952192 00111101010100001011001100111111 0.014709472598877171 1024.0441 5.737282871010052E-11
0.051085025 00111101010100010011111010001000 0.014724731363416642 256.03363 8.189585815054912E-11
0.051482975 00111101010100101101111111010000 0.014770507905845985 2048.005 9.334598545518435E-11
0.051747818 00111101010100111111010110000101 0.014801025412407728 512.0119 2.1782728398811457E-11
0.051880103 00111101010101001000000000111011 0.014816284226559959 256.0106 4.687245903911563E-11
0.05254017 00111101010101110011010001011100 0.014892578188120231 4096.0103 6.312023126398003E-11
0.05267191 00111101010101111011111010000000 0.014907836832957263 256.01227 8.110523710969098E-11
0.053329278 00111101010110100110111111001101 0.014984130931205512 512.0377 7.183051202452884E-11
0.053460483 00111101010110101111100101100001 0.014999389629152444 256.03958 1.928505619086529E-11
0.053722627 00111101010111000000110001000010 0.015029907282416866 256.00443 5.585436627097984E-11
0.05437644 00111101010111101011100111010100 0.015106201090770162 512.0398 8.11048381232915E-11
0.055288088 00111101011000100111010111000011 0.015213012679921216 256.035 1.5391283733623418E-11
0.055547774 00111101011000111000011000010000 0.015243530176443486 256.01508 9.69940135153724E-11
0.05567749 00111101011001000000111000010100 0.015258789093665778 2048.0347 3.116577829143097E-11
0.05606611 00111101011001011010010110010100 0.015304565441396332 256.04538 1.1708831820778087E-11
0.05619548 00111101011001100010110100111011 0.015319824178952468 1024.0383 3.9797531589669255E-11
0.05632476 00111101011001101011010011001011 0.015335082939102733 256.03455 6.870976704265175E-11
0.05645396 00111101011001110011110001000100 0.015350341705072853 512.0106 9.180214748105708E-11
0.056969892 00111101011010010101100101000011 0.015411376932953415 512.01215 2.0171584888539762E-11
0.058125783 00111101011011100001010101001101 0.015548706106454152 256.00946 5.176665172912376E-11
0.05838172 00111101011011110010000110101100 0.015579223598792411 256.01337 3.4020088829356254E-11
0.058509566 00111101011011111010011110111010 0.015594482407770154 512.0136 1.4104845763585061E-11
0.058765005 00111101011100001011001110010011 0.015625000070380216 262144.03 7.038021554439666E-11
0.05914754 00111101011100100100010010110001 0.01567077643304339 256.0135 6.585589018559546E-11
0.059274886 00111101011100101100101000111001 0.01568603512082721 1024.0 3.542278970147805E-11
0.05940215 00111101011100110100111110101011 0.015701293880672918 256.00958 6.463958188152041E-11
0.05952933 00111101011100111101010100000111 0.01571655269667766 512.0453 3.769733830649713E-11
0.05965643 00111101011101000101101001001101 0.015731811552938513 256.00378 2.9501012743793353E-11
0.060164005 00111101011101100110111010001000 0.015792846613944294 256.03363 6.574320601804295E-11
0.060290694 00111101011101101111001101100000 0.01580810543265183 1024.0016 3.60981695923801E-11
0.060417302 00111101011101110111100000100010 0.015823364196197637 256.0062 6.161486251765602E-11
0.061175246 00111101011110101001001011100101 0.015914916982758796 256.03918 9.428704345060268E-12
0.061301287 00111101011110110001011100001111 0.015930175818609782 1024.0077 3.7359781934753755E-11
0.061427247 00111101011110111001101100100011 0.01594543447323135 256.00394 9.708114867557072E-11
0.061553128 00111101011111000001111100100010 0.015960693382432573 512.0031 2.305757321185986E-11
0.061678927 00111101011111001010001100001011 0.015975952079175973 256.01462 6.926152706920874E-11
0.06180465 00111101011111010010011011011111 0.015991210999846447 2048.0105 6.234644744917972E-11
0.061930288 00111101011111011010101010011101 0.016006469676830812 256.0395 4.9731687518095313E-11
0.06205585 00111101011111100010111001000110 0.016021728547089505 512.0064 3.146450461288808E-11
0.06243205 00111101011111111011100011000000 0.016067504805948853 256.00354 7.686364739134532E-11
0.06268246 00111101100000000101111110101001 0.016098022545338233 256.00687 8.440073293036754E-11
0.063680924 00111101100000100110101100100101 0.016220092734087293 256.0017 3.9350207120536496E-11
0.06392976 00111101100000101110110110011011 0.016250610394942987 256.04462 4.338048670282646E-11
0.06417828 00111101100000110110111111100111 0.01628112786063369 256.03702 6.905381128019528E-11
0.06492199 00111101100001001111010111010010 0.016372680640280496 256.03598 2.378200414376863E-11
0.065292805 00111101100001011011100000111100 0.016418457029315364 1024.0027 1.9346364787953263E-12
0.06640113 00111101100001111111110101010001 0.016555786041877046 256.0021 9.093545361160693E-11
0.06676921 00111101100010001011111001001100 0.016601562560083702 16384.049 6.008370190269119E-11
0.067136616 00111101100010010111111011101100 0.01664733882869456 256.03607 3.849294147317828E-11
0.06762544 00111101100010100111111100110101 0.016708373932888806 256.03912 9.054869354319095E-11
0.0689636 00111101100011010011110011001010 0.016876220660458522 512.0076 4.266647798956136E-11
0.069568925 00111101100011100111101000100111 0.016952514557476116 256.05078 9.096138425812583E-11
0.07029292 00111101100011111111010110111100 0.017044067348413638 256.03598 3.439886223088884E-11
0.070653945 00111101100100001011001100000100 0.017089843699915633 8192.051 5.0084367209102254E-11
0.07089427 00111101100100010011000100000100 0.017120361317178492 512.03577 1.094650758926008E-11
0.07173317 00111101100100101110100011010111 0.01722717291911684 256.01303 6.755434059368959E-11
0.07221098 00111101100100111110001101011010 0.01728820796353693 256.03836 4.427556932196097E-11
0.07244947 00111101100101000110000001100011 0.01731872557322335 256.04004 1.2714149177917022E-11
0.07280667 00111101100101010001101110101010 0.017364501919616495 512.04443 3.3508504998502886E-11
0.07422924 00111101100110000000010110000000 0.017547607470171818 512.0392 4.8296817933835E-11
0.07434734 00111101100110000100001101101011 0.017562866168979313 256.0139 4.1958186924873075E-11
0.07446537 00111101100110001000000101001101 0.01757812503956477 32768.05 3.9564771597833115E-11
0.074936815 00111101100110010111100001111001 0.01763916005830362 1024.0061 9.794638017313062E-11
0.07575923 00111101100110110010011110101000 0.017745971652158594 256.03888 2.7528906237916928E-11
0.076344654 00111101100111000101101010010110 0.017822265545501828 4096.002 7.94981719343113E-11
0.07646154 00111101100111001001011111011110 0.01783752444260365 256.03983 2.8541148611171963E-11
0.07657836 00111101100111001101010100011101 0.017852783285377705 512.0535 8.225270464734535E-11
0.07669511 00111101100111010001001001010011 0.01786804206132441 256.04904 6.913691147358847E-11
0.07681179 00111101100111010100111110000000 0.01788330075794422 1024.0156 2.3305780916249574E-11
0.077161446 00111101100111100000011011010010 0.017929077223099613 256.0093 7.466211329743011E-11
0.077510506 00111101100111101011110111010100 0.017974853505572916 512.0137 1.0052084165046438E-11
0.07762673 00111101100111101111101011000011 0.017990112277051322 256.01727 2.7636178068224382E-11
0.07809096 00111101100111111110111000100111 0.018051147417197443 256.03748 4.374005671547998E-11
0.07820685 00111101101000000010101011101010 0.018066406154956798 8192.013 9.504320247488707E-11
0.078438446 00111101101000001010010001010110 0.01809692388150765 512.0163 5.3382648995681237E-11
0.07890085 00111101101000011001011011000101 0.01815795901970341 512.05444 3.532841033604406E-11
0.07901629 00111101101000011101001101001011 0.01817321779129295 256.00613 1.7855449757631092E-11
0.079246975 00111101101000100100110000111101 0.01820373533353111 256.05374 1.8031388882011612E-11
0.07936222 00111101101000101000100010101001 0.01821899408028738 512.00836 6.033762031676382E-11
0.07982256 00111101101000110111101000000011 0.018280029285450673 512.0053 1.1424326762377035E-11
0.07993749 00111101101000111011011001000100 0.018295288082096055 256.00595 3.841444523589033E-12
0.081425734 00111101101001101100001010001001 0.018493652384826108 1024.0121 4.1076107792914485E-11
0.08153977 00111101101001101111111001010011 0.01850891114667989 256.05228 1.3867389875299452E-11
0.08222269 00111101101010000110010001011111 0.018600463922196327 256.054 5.500882735431922E-11
0.083468914 00111101101010101111000111000000 0.01876831046981472 512.01825 7.70602782973473E-11
0.0842581 00111101101011001000111110000011 0.018875122170185908 256.0033 9.987340815476031E-11
0.0843706 00111101101011001100101001111110 0.018890380772174316 512.04266 8.720068417344962E-11
0.08459541 00111101101011010100000001011100 0.01892089835539819 2048.0168 8.210181146051099E-11
0.08470773 00111101101011010111101100111111 0.01893615731492997 256.05472 8.836746959173247E-11
0.085604094 00111101101011110101000100110011 0.019058227521497894 256.00916 1.756460601964882E-11
0.08616238 00111101101100000111010111100111 0.019134521572331996 512.0398 8.795699585339989E-11
0.08716357 00111101101100101000001011010000 0.019271850647369585 256.0458 6.14320851133332E-11
0.08849111 00111101101101010011101011010100 0.019454956126519807 256.00778 7.183230746332647E-11
0.08970073 00111101101101111011010100000100 0.01962280263646273 512.01776 9.791226857069901E-11
0.09090347 00111101101110100010101110011001 0.019790649335509142 256.05142 7.855335826256749E-11
0.09166531 00111101101110111011101100000110 0.019897461032474605 2048.0457 9.497460456975304E-11
0.09318086 00111101101111101101010110011011 0.02011108401544434 512.0081 3.1069341543954465E-11
0.09404207 00111101110000001001100100100001 0.02023315438689802 512.06067 9.00230202882657E-11
0.09414948 00111101110000001101000101110001 0.020248413151290934 256.0007 6.535343446967268E-11
0.09543418 00111101110000110111001011111111 0.020431518514990057 256.0478 3.969744324927582E-11
0.09607366 00111101110001001100001001000100 0.020523071342663093 256.04584 5.360059271430906E-11
0.09618005 00111101110001001111101000001100 0.020538330144499507 512.00006 6.637450658542043E-11
0.09671123 00111101110001100001000010001010 0.020614624037189364 256.01303 1.37518642306933E-11
0.09702931 00111101110001101011011101001110 0.020660400372185216 512.04736 1.8439784421619976E-11
0.097346924 00111101110001110101110111010011 0.020706176722263575 256.05258 3.554892491486328E-11
0.09787524 00111101110010000111001011010000 0.0207824707127595 512.01776 9.6345015299093E-12
0.097980745 00111101110010001010101000100001 0.020797729546959284 256.06165 5.4771784330220896E-11
0.0980862 00111101110010001110000101101011 0.020812988299978626 1024.0199 1.872862628871097E-11
0.09850751 00111101110010011011111001001110 0.020874023395771317 2048.013 4.1728683009001344E-11
0.09882295 00111101110010100110001110110000 0.020919799767478646 256.05835 3.720885405344987E-11
0.098928 00111101110010101001101011000011 0.020935058622339294 1024.0593 2.8589294126524223E-11
0.09903299 00111101110010101101000111001111 0.020950317313866953 256.05478 6.894554718805956E-11
0.0995572 00111101110010111110010010100101 0.021026611254992795 512.019 7.313220515281493E-11
0.09997565 00111101110011001100000000001001 0.021087646452320963 512.05023 3.205403650841099E-11
0.10008014 00111101110011001111011011010001 0.02110290518341266 256.06265 9.002483827846852E-11
0.100288965 00111101110011010110010001001101 0.02113342293694505 256.05255 8.538255172330089E-11
0.10298556 00111101110100101110101000011000 0.0215301514162781 256.01505 4.909059964086637E-11
0.103191614 00111101110100110101011000100000 0.021560668911961265 256.0545 3.335123496817083E-11
0.10339747 00111101110100111100001000001110 0.02159118650085739 256.00668 2.2580111391778956E-11
0.10360314 00111101110101000010110111100010 0.02162170411529705 256.04422 1.3734551690403052E-11
0.10380861 00111101110101001001100110011100 0.02165222168761077 256.05917 7.923269679244171E-12
0.10625935 00111101110110011001111010000001 0.0220184326275335 256.00833 1.0345998363581188E-11
0.10646235 00111101110110100000100011101111 0.02204895024399632 256.01038 4.868382086353762E-11
0.10696903 00111101110110110001001010010100 0.022125244074627466 512.00024 6.599753382685591E-11
0.10747454 00111101110111000001101110011101 0.0222015380785754 256.00592 7.362100512553482E-12
0.107676424 00111101110111001000010101110101 0.022232055593305912 256.0021 7.07565880886385E-11
0.10848211 00111101110111100010101111011110 0.022354125972018378 256.0218 4.544122023109054E-12
0.10928486 00111101110111111101000010111110 0.022476196305225328 256.04883 1.6162828020416242E-11
0.1094851 00111101111000000011100110111001 0.022506713868900418 256.0139 1.7129180018837786E-12
0.10978511 00111101111000001101011100000100 0.02255249022935769 512.00916 5.0173094845451516E-12
0.110583164 00111101111000100111100101101101 0.02267456057309183 512.0143 2.621683078962711E-11
0.11068272 00111101111000101010110110011111 0.022689819283646245 256.00922 5.229125465966433E-11
0.111279115 00111101111000111110011001001110 0.022781372164433183 256.06262 9.41206834692565E-11
0.11157671 00111101111001001000001001010101 0.022827148495445582 2048.0518 5.794558236016378E-11
0.11177489 00111101111001001110101000111100 0.02285766603916072 512.05743 2.35357185129903E-11
0.112565845 00111101111001101000100011101100 0.022979736353408588 512.01154 2.528358772346806E-11
0.11286173 00111101111001110010010000001101 0.023025512644017157 256.02066 5.1295342973212144E-11
0.11296027 00111101111001110101011110110111 0.02304077144311149 512.0581 4.126350997002426E-11
0.113255635 00111101111001111111001010010010 0.023086547843068572 256.0067 8.493927783348454E-12
0.11384519 00111101111010010010011110101011 0.02317810056570958 256.0021 2.022792003342211E-11
0.1139433 00111101111010010101101100011011 0.023193359471099902 4096.017 9.609990234138444E-11
0.114041366 00111101111010011000111010000101 0.023208618114683444 256.01425 4.93790563993457E-11
0.11423737 00111101111010011111010101001000 0.02323913574626553 256.0488 4.0780295806897016E-12
0.1144332 00111101111010100101101111110100 0.02326965340204434 256.05927 8.173184004589551E-11
0.11482435 00111101111010110010100100000111 0.023330688552546063 256.00766 7.598356319138411E-11
0.11540979 00111101111011000101101111111000 0.023422241166144785 256.05194 4.479271467627832E-11
0.11579924 00111101111011010010100000100111 0.023483276269500763 256.06165 9.768673717158727E-11
0.11609089 00111101111011011100000100001111 0.0235290527812563 512.01575 4.6881300924672686E-11
0.11657612 00111101111011101011111101110110 0.023605346579835082 256.0708 9.985241800070099E-11
0.11686676 00111101111011110101011111010111 0.023651123016350546 512.02313 3.0524454491809294E-11
0.11706031 00111101111011111011110101010001 0.023681640588373135 4096.0 3.6626864735600506E-11
0.11860277 00111101111100101110011000000010 0.023925781284276148 8192.0205 3.427614789219824E-11
0.11898674 00111101111100111010111101010010 0.023986816447931228 1024.0212 4.168122791359252E-11
0.11965713 00111101111101010000111011001100 0.024093627939143047 256.06708 9.455547456127533E-12
0.120420866 00111101111101101001111100110111 0.024215698251086486 256.0568 8.898985714989038E-12
0.1208969 00111101111101111001100011001011 0.02429199213771476 2048.0579 4.978523843179872E-11
0.12118204 00111101111110000010111001001010 0.024337768458551724 256.00897 9.613577642286764E-11
0.12184598 00111101111110011000101001100011 0.024444580169957382 512.06506 9.183238197651988E-11
0.122035325 00111101111110011110110110101000 0.024475097604472983 1024.0135 5.177701670189272E-11
0.12222451 00111101111110100101000011011000 0.024505615178244042 512.06934 5.6130957520883484E-11
0.12241354 00111101111110101011001111110011 0.024536132838900066 2048.0066 2.640006616094759E-11
0.12269679 00111101111110110100100001110100 0.024581909227626098 256.0206 4.793859753604579E-11
0.123073906 00111101111111000000111000101100 0.024642944428457606 256.01556 9.252010615967698E-11
0.123356335 00111101111111001010001000111111 0.024688720612480706 512.01935 9.064429415395203E-11
0.12392015 00111101111111011100100111011001 0.024780273390186642 2048.0151 4.7313358092493374E-11
0.124950215 00111101111111111110010111100110 0.0249481201616357 256.0675 4.444819859394933E-11
0.12532364 00111110000000000101010011010111 0.02500915528545015 256.01874 1.2012651290360665E-11
0.12606867 00111110000000010001100000100101 0.02513122566503304 256.0118 7.909553914609013E-11
0.13085349 00111110000001011111111001110101 0.02592468257570944 256.00623 4.147806056953307E-11
0.13167168 00111110000001101101010011110001 0.02606201178491419 1024.0026 6.6164188711193E-11
0.13284846 00111110000010000000100101101101 0.026260376034909952 256.01242 5.834745187005552E-11
0.13320935 00111110000010000110100000001000 0.026321411095581827 256.0547 3.7230673405330705E-11
0.13392946 00111110000010010010010011001110 0.026443481442205 256.07867 3.1075003681380053E-12
0.1344681 00111110000010011011001000000001 0.02653503423491115 256.06308 5.522364857069029E-11
0.13491601 00111110000010100010011101101100 0.026611328128432556 4096.069 3.4325563225134914E-12
0.13598752 00111110000010110100000001010000 0.026794433630191062 1024.0029 3.644106197353558E-11
0.13643254 00111110000010111011010011111001 0.02687072762737869 256.07803 8.83161911657826E-11
0.13749717 00111110000011001100110000001111 0.02705383301464521 256.01044 6.832711479942688E-12
0.13793935 00111110000011010011111111111001 0.027130126855694322 512.02686 9.743067810874528E-11
0.13864511 00111110000011011111100011111100 0.027252197253653045 512.0688 1.197195467761425E-11
0.13969982 00111110000011110000110101111000 0.02743530276806243 512.0251 3.368743131670904E-11
0.13987514 00111110000011110011101101101110 0.027465820296519856 2048.0713 1.5980144291161125E-11
0.1403129 00111110000011111010111000101111 0.027542114328629536 256.00397 7.081703626288238E-11
0.14136021 00111110000100001100000010111011 0.027725219657731406 256.07013 6.883109360256157E-11
0.14300907 00111110000100100111000011111000 0.028015136802126604 1024.0653 8.337660423185511E-11
0.14447474 00111110000100111111000100110000 0.028274536231343284 256.02594 9.853078422605854E-11
0.1448183 00111110000101000100101101000000 0.028335571319563373 256.0119 3.0500872660876865E-11
0.14533272 00111110000101001101001000011010 0.02842712394400152 256.07153 7.943597862825058E-11
0.14584604 00111110000101010101100010101010 0.02851867667985455 256.01215 7.795794912390797E-11
0.14703952 00111110000101101001000110000111 0.028732299885294105 256.06226 8.060660472430925E-11
0.1475492 00111110000101110001011100100011 0.028823852534753835 256.0711 4.30866453626777E-12
0.15075237 00111110000110100101111011010100 0.029403686576258664 256.0179 5.282116410931792E-11
0.15200518 00111110000110111010011100111111 0.029632568372712977 512.0212 1.3337976556559994E-11
0.15225497 00111110000110111110100010111010 0.029678344722304652 256.06476 4.2578475467625054E-12
0.15572535 00111110000111110111011001110111 0.030319213869681325 256.07608 2.49382459127645E-12
0.15613522 00111110000111111110000111101001 0.03039550774999727 2048.0188 6.250272868713047E-11
0.16051875 00111110001001000101111100000111 0.031219482451504098 512.03076 2.962909778636558E-11
0.16124181 00111110001001010001110010010011 0.03135681152370564 256.02838 2.6813967712868703E-13
0.1623624 00111110001001100100001001010100 0.03157043463031667 256.00467 6.00041683007646E-11
0.16403383 00111110001001111111100001111100 0.03189086915775581 512.00793 1.7130810658905204E-11
0.16466762 00111110001010001001111010100001 0.03201293943685988 512.079 1.6265121194347643E-11
0.16474673 00111110001010001011001101011110 0.03202819816959201 256.00137 7.259549211768856E-11
0.16490488 00111110001010001101110011010011 0.03205871579740032 256.08502 2.291217909844434E-11
0.16498391 00111110001010001111000110001011 0.03207397468488574 512.0931 7.551073655243101E-11
0.1652998 00111110001010010100010001011010 0.032135009676486394 512.0071 8.913860621850844E-11
0.16640228 00111110001010100110010101011100 0.03234863271729547 2048.0242 9.520453175815291E-11
0.1671868 00111110001010110011001100000100 0.03250122075404976 512.08923 5.092475746648617E-11
0.16749991 00111110001010111000010100011001 0.032562255792139755 512.07404 6.723524514917756E-11
0.168281 00111110001011000101000111011011 0.03271484376140678 8192.026 1.1406778299694054E-11
0.16843693 00111110001011000111101010111011 0.032745361265229804 512.07196 6.289519599578242E-11
0.16898191 00111110001011010000100110011000 0.032852172868884706 256.017 1.7322206169456678E-11
0.16983593 00111110001011011110100101111000 0.03302001958198512 1024.0829 5.0735117496092386E-11
0.1713813 00111110001011110111111010010100 0.03332519532748139 2048.0999 1.4981391127655286E-11
0.17176616 00111110001011111110001101111000 0.033401489275752434 256.02243 1.7939934260358115E-11
0.17497614 00111110001100110010110011110010 0.03404235838707173 256.03256 1.1365769436721962E-11
0.17686775 00111110001101010001110011010010 0.03442382818702214 4096.0913 6.20221374258989E-11
0.17762049 00111110001101011110001000100101 0.03457641608940803 512.0767 7.378302829819106E-11
0.180758 00111110001110010001100010100000 0.03521728516812018 1024.0131 1.187017845127869E-11
0.1814994 00111110001110011101101011111011 0.03536987298978914 512.085 5.708585687491663E-11
0.18319659 00111110001110111001011111100011 0.03572082528363656 256.01117 8.832406334091658E-11
0.18327013 00111110001110111010101100101010 0.03573608394231228 512.0981 4.206272136153544E-11
0.18407767 00111110001111000111111011011011 0.03590393068426746 256.03094 2.0204962702941032E-11
0.18480961 00111110001111010011111010111011 0.0360565186538848 256.0734 9.91973031494453E-11
0.18517481 00111110001111011001111001110111 0.036132812500844665 16384.027 8.44664616028723E-13
0.18742764 00111110001111111110110100001000 0.036605835042807074 256.09442 8.186957362044112E-11
0.18757232 00111110010000000001001011110101 0.03663635250476148 256.0881 3.4301020357396794E-11
0.19001961 00111110010000101001010010000000 0.03715515138939701 256.03616 2.2209512007265175E-11
0.19030602 00111110010000101101111110010101 0.03721618644911445 256.01013 7.432304771626264E-11
0.19037758 00111110010000101111001001010111 0.037231445322302846 2048.1018 9.802846034911994E-12
0.19052063 00111110010000110001011111010111 0.037261962860894324 512.0166 2.9730676254224875E-11
0.1930823 00111110010001011011011101011110 0.03781127921417274 512.0025 8.27022617055917E-11
0.19561929 00111110010010000101000001101100 0.03836059568998286 512.11395 1.314214015391002E-11
0.19568941 00111110010010000110001011001110 0.03837585445703129 256.0053 3.5156211275477744E-11
0.20130888 00111110010011100010001111101010 0.039611816433999435 1024.0051 2.7749434694523956E-11
0.20178899 00111110010011101010000111000110 0.03971862802118726 256.1057 9.149975915834219E-11
0.20308784 00111110010011111111011001000010 0.040008544822655694 512.1094 9.92193063820146E-11
0.2034967 00111110010100000110000101110000 0.0401000976262497 1024.0361 3.0000300854649E-11
0.20438042 00111110010100010100100100011010 0.040298461862898136 256.0161 5.116436441188199E-11
0.20620663 00111110010100110010011111010101 0.04071044920253683 1024.112 1.621316969568909E-11
0.21319368 00111110010110100100111101110010 0.04231262208705648 256.0337 1.6743981201550184E-11
0.2169778 00111110010111100010111101101110 0.043197631789909104 256.03235 4.6028396372133074E-11
0.21756035 00111110010111101100100000100100 0.04333496095205472 2048.097 1.455471854150403E-11
0.21820618 00111110010111110111000101110001 0.04348754880293234 512.1094 2.519266045775126E-11
0.21846409 00111110010111111011010100001101 0.04354858389782095 512.0007 8.65540486505445E-11
0.21904351 00111110011000000100110011110001 0.043685913015258336 256.04312 7.06791639104587E-11
0.21968588 00111110011000001111010101010110 0.04383850096300127 256.10452 1.3561228529024305E-11
0.22000651 00111110011000010100100101100011 0.04391479495458761 512.0026 3.2712610398277775E-11
0.22122152 00111110011000101000011111100101 0.04420471190617183 256.1221 7.890667286236663E-12
0.22300242 00111110011001000101101010111111 0.04463195805385797 256.09818 4.604547299003059E-11
0.22420442 00111110011001011001010111011000 0.044921874910784615 32768.035 8.921538507955518E-11
0.2253384 00111110011001101011111100011100 0.04519653315362666 512.0315 4.949834292444777E-11
0.22621721 00111110011001111010010101111100 0.04541015619534576 8192.037 5.465423946748871E-11
0.227842 00111110011010010100111101101010 0.04580688469080162 512.121 7.482337666120387E-11
0.22852659 00111110011010100000001011100000 0.04597473152302791 256.0333 7.771541049583774E-11
0.231679 00111110011011010011110101000011 0.04675292972032431 2048.0122 3.2824312712342874E-11
0.23266079 00111110011011100011111010100001 0.046997070222722 2048.1323 8.977799753617788E-11
0.23327267 00111110011011101101111100001000 0.04714965820813882 512.1396 5.013822690358438E-12
0.23382224 00111110011011110110111100011001 0.04728698731834059 256.10632 1.3653092545418133E-11
0.23534326 00111110011100001111110111010011 0.04766845709615706 1024.1091 6.490705889428128E-11
0.2390807 00111110011101001101000110010010 0.04861450199253382 512.10516 3.940882342678975E-11
0.24377331 00111110011110011001111110110110 0.04981994623046981 256.0247 5.859269319730132E-11
0.24623735 00111110011111000010010110100101 0.05046081536392814 256.1391 6.57593632324982E-11
0.24670433 00111110011111001010000000001111 0.0505828857662469 256.15173 2.405940030536513E-11
0.24722877 00111110011111010010100110001010 0.05072021480084324 1024.1426 4.290676147711281E-11
0.24763602 00111110011111011001010001001100 0.0508270263011146 256.01572 6.607289715354625E-11
0.24786848 00111110011111011101000100111100 0.05088806161869079 256.01785 9.525329136561567E-11
0.24792656 00111110011111011110000001110110 0.05090332024931011 2048.146 6.318989081988136E-11
0.24885435 00111110011111101101001110101101 0.05114746095249265 2048.149 1.4992652952461327E-11
0.25041333 00111110100000000011011000101101 0.051559448161358344 256.14734 8.082915586848927E-11
0.25064358 00111110100000000101010001011011 0.05162048347986071 256.14084 8.142320845339057E-11
0.2521358 00111110100000010001011111110010 0.052017211888365604 256.13275 2.569689599996039E-11
0.2537913 00111110100000011111000011101111 0.0524597168210344 512.11176 2.4159396705414338E-11
0.25458717 00111110100000100101100101000000 0.05267333989509159 1024.0225 5.1341590701081685E-11
0.2548709 00111110100000100111111001110000 0.05274963385034159 256.15222 6.12790929110929E-11
0.25639826 00111110100000110100011010100010 0.05316162110216726 1024.0524 8.417259944604183E-12
0.25853458 00111110100001000101111010100101 0.053741455074809694 512.15607 3.315306362772219E-12
0.26391903 00111110100001110010000001100101 0.05522155758624709 256.11758 3.0940409956325965E-11
0.26523638 00111110100001111100110100010000 0.05558776864824264 256.14844 9.355514279940635E-11
0.2695862 00111110100010100000011100110100 0.056808471720963157 256.0358 4.127565650380305E-11
0.27012554 00111110100010100100110111100101 0.05696105963528014 256.03998 6.496764237695629E-11
0.27093273 00111110100010101011011110110010 0.057189941499485336 1024.1575 9.323533611826917E-11
0.27157694 00111110100010110000110000100010 0.05737304686236477 4096.0337 1.2635233137547885E-11
0.2736612 00111110100011000001110101010010 0.057968139586205905 256.04526 6.223159487728225E-11
0.27445903 00111110100011001000010111100101 0.058197021387778644 512.1338 9.659635591408033E-11
0.27573124 00111110100011010010110010100101 0.05856323241653361 512.0183 5.341387054880187E-12
0.28444004 00111110100100011010001000100000 0.061111450258336295 256.1792 6.302379451650353E-11
0.28613216 00111110100100100111111111101010 0.06161499014471916 512.1438 8.965583830899959E-11
0.29140532 00111110100101010011001100010100 0.06320190421281749 512.18823 8.405751095175162E-11
0.29240924 00111110100101011011011010101010 0.06350708015919526 512.0576 8.107026161496833E-11
0.29639307 00111110100101111100000011010101 0.06472778320805667 512.0615 4.931666186536177E-12
0.29654148 00111110100101111101010001001001 0.06477355963555016 256.0499 6.523766249433294E-11
0.29723316 00111110100110000010111011110010 0.06498718269985128 256.17947 8.266377860000063E-11
0.30130303 00111110100110100100010001100100 0.06625366202911144 512.1408 8.026355968748788E-11
0.30781332 00111110100111011001100110110101 0.06831359870578206 256.176 7.29695609491543E-11
0.308338 00111110100111011101111001111010 0.06848144529983921 2048.143 1.2660789083795976E-11
0.3090996 00111110100111100100001001001110 0.06872558584987574 2048.16 8.762425507402583E-11
0.31740725 00111110101000101000001100110100 0.07142639152863867 256.0636 7.292383363832755E-11
0.31777775 00111110101000101011001111000100 0.07154846194669948 256.1435 3.2636976454725186E-11
0.31782404 00111110101000101011100111010101 0.07156372069493482 512.0384 8.190184641598819E-12
0.31842512 00111110101000110000100010011110 0.07176208499862384 256.19064 3.768634015965944E-11
0.31930164 00111110101000110111101110000001 0.07205200185398315 512.1456 9.914184750936528E-11
0.31967 00111110101000111010101111001001 0.07217407233342447 512.1472 6.779947436807987E-11
0.3212309 00111110101001000111100001100000 0.07269287107997344 1024.0244 1.3776563223544258E-11
0.32228258 00111110101001010000001000111001 0.0730438232056365 256.0186 3.6550998339102136E-11
0.32337642 00111110101001011001000110011000 0.07341003415039739 256.20102 2.9290112002478E-11
0.32559842 00111110101001101011010011010110 0.0741577149059173 1024.044 6.216729908636864E-11
0.3268164 00111110101001110101010001111011 0.07456970217912558 256.2215 3.068807707951038E-11
0.32740125 00111110101001111010000100100011 0.07476806649447863 1024.173 8.822863273305614E-11
0.3287917 00111110101010000101011101100011 0.07524108877248409 256.0454 9.470341177930663E-11
0.33235326 00111110101010100010101000110101 0.07646179203072291 256.07056 3.853541097331714E-11
0.33958098 00111110101011011101110110001111 0.07897949218064593 2048.017 6.8540728648258664E-12
0.33962432 00111110101011011110001100111101 0.07899475090790144 256.02197 6.866106294634022E-11
0.3411806 00111110101011101010111100111001 0.07954406747285628 256.05237 9.004377798937924E-11
0.34217113 00111110101011110011000100001110 0.07989501943547427 1024.0144 9.577573456542865E-11
0.3429014 00111110101011111001000011000110 0.08015441900916263 256.17352 6.385013351373203E-11
0.3457643 00111110101100010000100000000101 0.08117675778315743 2048.0083 2.9342570040391536E-11
0.35112572 00111110101100111100011011000000 0.08311462402125573 256.07614 2.181768654629934E-12
0.35221303 00111110101101000101010101000100 0.08351135262344116 256.21283 8.437865683941226E-11
0.356033 00111110101101100100100111110101 0.08491516113282742 256.01923 1.491862189340054E-14
0.3573518 00111110101101101111011011010001 0.08540344234796621 256.21033 3.484629251815363E-11
0.3598111 00111110101110000011100100101001 0.08631896965472023 256.1947 7.184226824552553E-11
0.36688614 00111110101110111101100010000000 0.08898925786800846 2048.088 5.550845894042311E-11
0.37046972 00111110101111011010111000110101 0.09036254873171722 512.08453 9.640778453334775E-11
0.37275994 00111110101111101101101001100100 0.09124755850546148 1024.0713 8.828851538744686E-11
0.37346768 00111110101111110011011100101000 0.0915222168678789 512.06683 7.100389720626765E-11
0.3742916 00111110101111111010001100100110 0.09184265131278187 256.241 5.440563277669952E-11
0.37780112 00111110110000010110111100100110 0.09321594235946837 256.06418 2.334413218285647E-11
0.37838268 00111110110000011011101101100000 0.09344482415864336 1024.0618 6.01066418859375E-11
0.38414675 00111110110001001010111011100010 0.09573364255182898 512.0792 2.629602091630545E-11
0.38418487 00111110110001001011001111100001 0.09574890132856903 256.22406 3.861846953334691E-11
0.3852505 00111110110001010011111110001110 0.09617614748532961 256.21326 2.4392113329163578E-11
0.4015605 00111110110011011001100101010110 0.10287475589888097 512.0077 3.950596794144445E-11
0.4026489 00111110110011100010011111111111 0.10333251954821897 1024.2319 1.6968967897490472E-11
0.40304717 00111110110011100101110000110011 0.10350036613872735 256.2669 7.221015452252288E-11
0.40434763 00111110110011110000011010100111 0.10404968263995988 256.06628 2.2772381202962322E-11
0.409753 00111110110100011100101100100101 0.10635375967663298 512.0933 8.89920220847884E-11
0.4114195 00111110110100101010010110010100 0.10707092282737429 256.00656 2.418820699290336E-11
0.41602555 00111110110101010000000101001101 0.10906982424111503 1024.0566 2.2365026497439544E-11
0.41647956 00111110110101010011110011001111 0.10926818838358364 256.01535 9.297886072179296E-11
0.41755998 00111110110101011100101001101100 0.10974121087821562 2048.1 5.92843829583245E-11
0.4216444 00111110110101111110000111000110 0.11154174799009117 512.08813 5.678382763996126E-11
0.42226356 00111110110110000011001011101110 0.11181640629713492 8192.006 4.713492096630745E-11
0.4228131 00111110110110000111101011110101 0.1120605468420073 4096.261 3.2992705789602894E-11
0.42288172 00111110110110001000001111110100 0.11209106452534408 512.25616 7.221907794008331E-11
0.42660362 00111110110110100110101111001010 0.11375427238334644 256.06085 7.759105857818582E-11
0.42707902 00111110110110101010101000011010 0.11396789553872 256.08588 3.090749878253973E-11
0.43005377 00111110110111000011000000000010 0.11531066901875263 256.105 7.344012897814167E-11
0.4328384 00111110110111011001110011111111 0.11657714850014181 2048.2605 6.264180840709344E-11
0.4367297 00111110110111111001101100001001 0.11836242681010814 256.01794 5.22956400406116E-11
0.43739095 00111110110111111111000110110101 0.11866760253610849 256.32202 2.9540120349835775E-12
0.43805107 00111110111000000100100000111011 0.11897277837013201 256.26736 4.9819509628790115E-11
0.43943366 00111110111000001111110101110011 0.11961364754854764 256.09283 8.761014136382528E-11
0.43949938 00111110111000010000011000010000 0.11964416505605667 256.2778 1.6994169960149463E-11
0.44035265 00111110111000010111010111100111 0.12004089348294689 256.0472 7.174061344983329E-11
0.44120404 00111110111000011110010101111111 0.12043762209440853 256.29126 2.4096030726283857E-11
0.44169438 00111110111000100010010111000100 0.12066650384640404 1024.0966 5.984596151975552E-11
0.44485036 00111110111000111100001101101101 0.12214660639199867 256.26358 5.331382557649533E-11
0.44920054 00111110111001011111110110011101 0.12420654287254683 1024.0829 9.620317042990933E-11
0.45137355 00111110111001110001101001101111 0.12524414068386133 4096.11 5.886133247479108E-11
0.45197856 00111110111001110110100110111100 0.12553405760103709 256.34055 1.6150414339222152E-11
0.4558729 00111110111010010110100000101100 0.12741088858212454 512.06433 8.975045706627327E-11
0.45807213 00111110111010101000100001101110 0.12847900384448355 1024.1061 6.176645306332773E-11
0.46019688 00111110111010111001111011101101 0.12951660160846384 2048.0461 4.5963843842145025E-11
0.4609441 00111110111011000000000011011101 0.12988281244807087 16384.066 5.192912766460722E-11
0.46134824 00111110111011000011010111010110 0.13008117674771047 256.12982 1.0102030323366762E-11
0.46527502 00111110111011100011100010000111 0.13201904296325123 1024.0717 5.4987681075147066E-12
0.46625838 00111110111011101011100101101011 0.13250732421399006 1024.2816 4.7599424402022805E-12
0.4679429 00111110111011111001011000110110 0.1333465576711033 256.29208 5.391578850044709E-11
0.46852317 00111110111011111110001001000101 0.13363647465095047 512.36224 4.157546529270917E-11
0.4685537 00111110111011111110011001000101 0.13365173330423602 256.34402 9.42014799498736E-11
0.47056276 00111110111100001110110110011010 0.13465881352555903 256.39038 4.89965290562111E-11
0.47110894 00111110111100010011010100110001 0.13493347177782142 256.3736 9.813391765867152E-11
0.4716241 00111110111100010111100010110111 0.1351928710636514 1024.0859 3.0098590286797844E-11
0.47210836 00111110111100011011100000110000 0.1354370117279057 1024.0393 9.155703972751894E-12
0.4772479 00111110111101000101100111010110 0.13804626467586 256.07584 2.7422508708241367E-11
0.47781494 00111110111101001010010000101001 0.13833618160975839 512.3972 3.086661481965791E-11
0.47799385 00111110111101001011101110011100 0.1384277342826392 4096.3535 9.236081344177194E-11
0.48223457 00111110111101101110011101110011 0.14060974122032102 256.05035 9.383521737404976E-12
0.48347175 00111110111101111000100110011100 0.14125061043846746 256.08737 8.6904955454159E-11
0.48707354 00111110111110010110000110110100 0.14312744133903274 1024.0768 6.721725953617863E-11
0.48870295 00111110111110100011011101000110 0.14398193353517716 1024.1434 5.857284102184224E-11
0.4888191 00111110111110100100011001111111 0.144042968703008 8192.3 4.6991993629674766E-11
0.48928332 00111110111110101000001101011000 0.14428710936112563 4096.311 1.3874373872013734E-11
0.48960218 00111110111110101010110100100011 0.14445495610291023 256.11865 4.8222731363622984E-11
0.49084625 00111110111110110101000000110011 0.14511108391803504 512.097 6.633996130211983E-11
0.49703944 00111110111111100111101111110100 0.14840698234123284 512.3009 8.064215961667287E-11
0.50649357 00111111000000011010100110010000 0.15353393552829006 512.03564 1.858493914319581E-11
0.5094876 00111111000000100110110111001000 0.15518188470344657 512.4106 6.217842907219051E-11
0.5112794 00111111000000101110001100110101 0.15617370600398442 256.43723 5.0703080622938046E-11
0.51224107 00111111000000110010001000111011 0.15670776359383992 512.4344 7.803507839909685E-11
0.51478577 00111111000000111100100100000000 0.15812683107845563 256.00735 2.3768126355960817E-11
0.5199916 00111111000001010001111000101011 0.16105651860910492 256.40198 5.4417415018548354E-11
0.52128315 00111111000001010111001011010000 0.16178894045332623 256.1119 2.3638729862440755E-11
0.5274979 00111111000001110000101000011010 0.16534423827572742 1024.4729 5.522582391392916E-12
0.53239536 00111111000010000100101100010000 0.16818237312744314 512.11536 8.056813549650599E-11
0.53557783 00111111000010010001101110100001 0.17004394523770727 2048.3494 7.479272756683031E-11
0.53666806 00111111000010010110001100010100 0.17068481444474726 512.3958 8.377742943821431E-12
0.5416688 00111111000010101010101011001110 0.17364501959995915 1024.5056 6.87091494810943E-11
0.5466383 00111111000010111111000001111101 0.17662048336205602 256.45294 3.638148116102968E-11
0.54896355 00111111000011001000100011100000 0.1780242920042782 256.17697 1.2090689560650958E-11
0.55327815 00111111000011011010001110100011 0.18064880372963504 256.5213 1.8697543513468418E-11
0.5598938 00111111000011110101010100110011 0.18472290039201622 512.4213 1.3912204721577837E-12
0.569553 00111111000100011100111000111010 0.19078063957391322 256.40918 7.452427563947595E-11
0.57145065 00111111000100100100101010010111 0.1919860839288101 512.02686 5.55649137812253E-11
0.57477033 00111111000100110010010000100110 0.19410705567098147 256.02722 6.918965400615207E-12
0.58225167 00111111000101010000111001110010 0.19894409182331524 512.48 2.644023888720426E-11
0.58262604 00111111000101010010011011111011 0.19918823247567563 512.113 5.380063061721785E-11
0.5831403 00111111000101010100100010101111 0.19952392585570036 1024.1564 7.445036254161153E-11
0.5922314 00111111000101111001110001111010 0.20552062995906062 256.48975 7.624811892981143E-11
0.5941743 00111111000110000001101111001111 0.20681762695009306 512.4941 3.0319358135244556E-12
0.6046174 00111111000110101100100000110101 0.2138824463067448 256.0173 1.7682300068599943E-11
0.6119211 00111111000111001010011011011100 0.21891784670872572 256.57172 2.9038216275978357E-11
0.61257946 00111111000111001101001000000010 0.21937561037714132 256.01135 2.55788168423976E-11
0.6180958 00111111000111100011101110000111 0.22323608391285157 512.55005 7.1523426070641E-11
0.6204744 00111111000111101101011101101001 0.22491455085448644 1024.036 7.323644468648638E-11
0.6273911 00111111001000001001110010110100 0.22984313959203312 256.50494 5.6404381165719997E-11
0.6445173 00111111001001001111111100010110 0.24235534676422124 256.16962 8.453374111816458E-11
0.6493164 00111111001001100011100110011001 0.24594116207762565 512.5414 3.1749353146537374E-11
0.653102 00111111001001110011000110110001 0.2487945555848071 256.00958 7.92554077921892E-11
0.6536462 00111111001001110101010101011011 0.24920654301677395 1024.7373 4.802394593106385E-11
0.65567654 00111111001001111101101001101011 0.2507476806263475 256.01337 3.7714997791482574E-11
0.65687877 00111111001010000010100100110101 0.2516632080787843 256.69647 7.097178400528037E-11
0.6574988 00111111001010000101000111010111 0.25213623037204497 1024.6816 9.670503287040333E-11
0.6666876 00111111001010101010110000001010 0.25921630860263933 1024.1637 8.889333713568703E-12
0.6699733 00111111001010111000001101011111 0.2617797851279054 1024.6061 2.834460444134379E-11
0.6710638 00111111001010111100101011010110 0.2626342773835243 1024.0111 3.9774294968708546E-11
0.6726175 00111111001011000011000010101001 0.2638549803704297 1024.0211 9.832029634893047E-11
0.6844614 00111111001011110011100011011101 0.27328491201991745 512.6825 8.945755247680154E-11
0.69401336 00111111001100011010101011011100 0.2810516356714781 256.03802 7.070938279341021E-11
0.69677615 00111111001100100101111111101100 0.2833251952274962 2048.1577 8.500378179121526E-11
0.7071565 00111111001101010000100000110101 0.2919769287116931 256.06378 7.556177905598815E-13
0.710661 00111111001101011110110111100001 0.2949371337276238 256.5953 6.143868747088277E-11
0.71601665 00111111001101110100110011011110 0.29949951180683776 1024.8873 8.808775930901902E-11
0.7261126 00111111001110011110001010000100 0.3082275389859445 2048.1719 7.65554841741789E-11
0.7324039 00111111001110110111111011010010 0.3137512206493896 512.6695 5.373540501452112E-11
0.7367228 00111111001111001001100111011110 0.31758117677246045 256.28802 1.4647949519996928E-11
0.740616 00111111001111011001100100000011 0.32106018065710257 256.84814 6.959932630223875E-12
0.74803364 00111111001111110111111100100010 0.32775878915534 2048.1648 9.284001345477577E-11
0.7509624 00111111010000000011111100010010 0.3304290771376277 256.08252 1.0809797501565299E-11
0.75540054 00111111010000010110000111101110 0.3345031737397991 512.1243 8.832590214780112E-11
0.7577957 00111111010000011111111011100110 0.33671569834133147 256.24066 9.914397081089987E-11
0.7615571 00111111010000101111010101101000 0.3402099609356905 2048.7444 1.8094969966853114E-12
0.76652706 00111111010001000011101100011110 0.34486389153007435 256.23386 7.148814873403353E-11
0.7718864 00111111010001011001101001011001 0.34992980964958287 256.84848 7.927036804744603E-11
0.7724965 00111111010001011100001001010101 0.3505096436353266 256.22256 8.063910650335515E-11
0.77257675 00111111010001011100011110010111 0.35058593749569283 16384.984 4.307165735184526E-12
0.78298753 00111111010010000111000111011111 0.3605804444191786 256.73328 8.32410806950179E-11
0.7983792 00111111010011000110001010010100 0.37570190433317974 512.0817 3.630473699445247E-11
0.8002453 00111111010011001101110011100000 0.3775634765305273 2048.2817 3.197270226351634E-11
0.8064569 00111111010011100111001111110110 0.38380432123614633 257.1489 5.291617144465022E-11
0.8139002 00111111010100000101101111000011 0.391372680761791 256.34912 9.772849196565403E-11
0.81962657 00111111010100011101001100001100 0.3972625732729 256.23438 3.0712488108264324E-11
0.82485795 00111111010100110010100111100100 0.4026947021690141 256.91922 2.0576595982646495E-11
0.8269752 00111111010100111011010010100110 0.40490722663925166 2048.8306 7.675166058263017E-11
0.8295058 00111111010101000101101001111110 0.40756225581951977 512.3057 3.985523022720372E-11
0.8400472 00111111010101110000110101010101 0.41874694821698066 257.11063 2.5206836617996942E-11
0.8419823 00111111010101111000110000100111 0.42082214347115376 256.28067 8.353373548430909E-11
0.84549475 00111111010110000111001001011000 0.424606323151234 256.0376 9.09535224913327E-11
0.8486494 00111111010110010100000100010110 0.4280242920490542 256.38657 5.686667803317391E-11
0.8497159 00111111010110011000011011111011 0.42918395991058494 256.2228 5.035255545848827E-11
0.86506444 00111111010111010111010011011101 0.4461059570225235 1025.1515 8.726519507007424E-12
0.8665383 00111111010111011101010101110100 0.4477539062403278 8193.001 9.672207479383133E-12
0.8717495 00111111010111110010101011111010 0.45361328115430916 8193.163 9.569084413740825E-11
0.87717056 00111111011000001000111001000000 0.4597625732150005 256.08774 2.718697489356714E-11
0.87759894 00111111011000001010101001010011 0.46025085453601966 256.35974 4.383216012371349E-11
0.8804027 00111111011000010110001000010010 0.4634552001416606 256.2907 5.365191624306931E-11
0.8876456 00111111011000110011110010111110 0.47180175789742473 2048.0916 8.492473391186195E-11
0.88789564 00111111011000110100110100100001 0.47209167487284504 256.3458 6.815753517130929E-11
0.89518076 00111111011001010010101010010001 0.4805908202882068 2049.2393 2.429317857988167E-11
0.8964536 00111111011001010111110111111100 0.48208618165934336 512.45764 1.871836019518014E-11
0.8991465 00111111011001100010111001110111 0.485260009827762 513.4051 6.213701775337199E-11
0.9029328 00111111011001110010011010011011 0.4897460938360098 8193.452 8.600981038497935E-11
0.9059938 00111111011001111110111100110110 0.49339294438390724 256.07095 4.7969739291886526E-11
0.9062493 00111111011001111111111111110100 0.49369812013166636 256.22934 1.4478862553346517E-11
0.9137891 00111111011010011110111000010101 0.5027618409168628 257.41406 9.655032329192181E-11
0.9139657 00111111011010011111100110101000 0.5029754637802395 256.0145 8.694800435193883E-11
0.91468424 00111111011010100010100010111111 0.5038452148077959 1024.3173 3.5954128563275844E-11
0.9205777 00111111011010111010101011111011 0.5110168456903376 513.0609 1.278743777533009E-11
0.92126375 00111111011010111101011111110001 0.51185607910941 256.4399 7.847500427260456E-12
0.9214632 00111111011010111110010100000011 0.5121002196627908 257.0743 6.377165462367884E-11
0.9217747 00111111011010111111100101101101 0.5124816895209066 513.50665 6.778155814401998E-11
0.92240965 00111111011011000010001100001010 0.5132598877384664 256.1167 4.3153924877969985E-11
0.93677926 00111111011011111101000011000100 0.5310821533920335 256.5127 7.172096250229743E-11
0.9385285 00111111011100000100001101100111 0.5332794188994653 256.5074 4.584721491340815E-11
0.939922 00111111011100001001111010111010 0.5350341797223297 2049.181 3.4829694683935486E-11
0.9492105 00111111011100101111111101110110 0.5468292236696605 256.46292 3.684796912040156E-11
0.95298105 00111111011100111111011010010001 0.5516662597249522 512.4979 4.0672798462537685E-11
0.9549231 00111111011101000111010111010111 0.5541687011238786 513.1602 4.799638464447753E-11
0.9623061 00111111011101100101100110110001 0.5637512206335649 512.4498 6.956013542946948E-11
0.9664194 00111111011101110110011101000011 0.5691375731707232 257.25018 7.146427893900409E-11
0.97095686 00111111011110001001000010100001 0.575119018527127 257.65332 2.7560509430202274E-11
0.9773276 00111111011110100011001000100100 0.5835876464799872 513.5571 4.387823437923544E-12
0.9866171 00111111011111001001001011110000 0.5960845947453569 257.50854 1.8794410472366962E-11
0.994332 00111111011111101000110010001011 0.6065979003011559 512.5752 8.946909879625764E-11
0.99796236 00111111011111110111101001110110 0.6115875244933008 256.2552 7.923828260203436E-11